image_width: 1600
image_height: 896
camera_name: default_cam
camera_matrix:
  rows: 3
  cols: 3
  data: [1143.0, 0.0, 800.0, 0.0, 1143.0, 448.0, 0.0, 0.0, 1.0]
distortion_model: plumb_bob
distortion_coefficients:
  rows: 1
  cols: 5
  data: [0.0, 0.0, 0.0, 0.0, 0.0]
rectification_matrix:
  rows: 3
  cols: 3
  data: [1.0, 0.0, 0.0, 0.0, 1.0, 0.0, 0.0, 0.0, 1.0]
projection_matrix:
  rows: 3
  cols: 4
  data: [1143.0, 0.0, 800.0, 0.0, 0.0, 1143.0, 448.0, 0.0, 0.0, 0.0, 1.0, 0.0]
